91	
135	
139	
143	
147	
151	
155	
159	
163	
167	
171	
175	
179	
183	
187	
191	
195	
199	
203	
207	
211	
215	
219	
223	
227	
231	
235	
239	
243	
247	
251	
255	
1279	
2303	
3327	
4351	
5375	
6399	
7423	
8447	
9471	
10495	
11519	
12543	
13567	
14591	
15615	
16639	
17663	
18687	
19711	
20735	
21759	
22783	
23807	
24831	
25855	
26879	
27903	
28927	
29951	
30975	
31999	
33023	
33791	
34815	
35839	
36863	
37887	
38911	
39935	
40959	
41983	
43007	
44031	
45055	
46079	
47103	
48127	
49151	
50175	
51199	
52223	
53247	
54271	
55295	
56319	
57343	
58367	
59391	
60415	
61439	
62463	
63487	
64511	
65535	
327675	
589815	
851955	
1114095	
1376235	
1638375	
1900515	
2162655	
2424795	
2686935	
2949075	
3211215	
3473355	
3735495	
3997635	
4259775	
4521915	
4784055	
5046195	
5308335	
5570475	
5832615	
6094755	
6356895	
6619035	
6881175	
7143315	
7405455	
7667595	
7929735	
8191875	
8454016	
8650620	
8912760	
9174900	
9437040	
9699180	
9961320	
10223460	
10485600	
10747740	
11009880	
11272020	
11534160	
11796300	
12058440	
12320580	
12582720	
12844860	
13107000	
13369140	
13631280	
13893420	
14155560	
14417700	
14679840	
14941980	
15204120	
15466260	
15728400	
15990540	
16252680	
16514820	
16776960	
16775936	
16774912	
16773888	
16772864	
16771840	
16770816	
16769792	
16768768	
16767744	
16766720	
16765696	
16764672	
16763648	
16762624	
16761600	
16760576	
16759552	
16758528	
16757504	
16756480	
16755456	
16754432	
16753408	
16752384	
16751360	
16750336	
16749312	
16748288	
16747264	
16746240	
16745216	
16744448	
16743424	
16742400	
16741376	
16740352	
16739328	
16738304	
16737280	
16736256	
16735232	
16734208	
16733184	
16732160	
16731136	
16730112	
16729088	
16728064	
16727040	
16726016	
16724992	
16723968	
16722944	
16721920	
16720896	
16719872	
16718848	
16717824	
16716800	
16715776	
16714752	
16713728	
16712704	
16711680	
16449536	
16187392	
15925248	
15663104	
15400960	
15138816	
14876672	
14614528	
14352384	
14090240	
13828096	
13565952	
13303808	
13041664	
12779520	
12517376	
12255232	
11993088	
11730944	
11468800	
11206656	
10944512	
10682368	
10420224	
10158080	
9895936	
9633792	
9371648	
9109504	
8847360	
8585216	
8388608	
